Date:2020-9-14
得力豆美妆博主排名
时间序列：7-16~9-13

Rank:1
Vname:李佳琦Austin
UID:166902759
Briefing:涂口红世界纪录保持者 战胜马云的口红一哥 关注vx：李佳琦Austin
AnchorIndex:1125.1
TotalFans:4379.4w
Works:459
TotalLikes:2.9亿
AverageLikes:4.2w
AverageComment:2392
AverageTransmit:540
TimeSeries:["07-16","07-17","07-18","07-19","07-20","07-21","07-22","07-23","07-24","07-25","07-26","07-27","07-28","07-29","07-30","07-31","08-01","08-02","08-03","08-04","08-05","08-06","08-07","08-08","08-09","08-10","08-11","08-12","08-13","08-14","08-15","08-16","08-17","08-18","08-19","08-20","08-21","08-22","08-23","08-24","08-25","08-26","08-27","08-28","08-29","08-30","08-31","09-01","09-02","09-03","09-04","09-05","09-06","09-07","09-08","09-09","09-10","09-11","09-12","09-13"]
LikesSeries:[280688901,280851661,281049658,281265264,281431973,281587090,281754155,281919338,282231695,282446145,282620964,282739010,282850082,282956295,283078585,283193325,283302898,283398296,283495741,283561764,283670282,283789143,284396078,284750846,284750846,285202357,285509326,285907315,286063254,286285619,286539179,286711604,286851460,287208151,287521031,287743691,287985928,288283787,288488727,288775683,288959681,289108945,289252826,289354003,289444143,289629077,289922956,290046678,290099023,290159853,290230689,290397822,290480653,290570741,290652032,290806263,290911332,291017145,291094896,291191981]
LikesSeriesIncreasing:[169076,162760,197997,215606,166709,155117,167065,165183,312357,214450,174819,118046,111072,106213,122290,114740,109573,95398,97445,66023,108518,118861,606935,354768,354768,451511,306969,397989,155939,222365,253560,172425,139856,356691,312880,222660,242237,297859,204940,286956,183998,149264,143881,101177,90140,184934,293879,123722,52345,60830,70836,167133,82831,90088,81291,154231,105069,105813,77751,97085]
CommentSeries:[7408281,7411043,7413976,7418025,7420445,7423737,7426129,7427869,7433897,7437386,7440050,7441783,7442797,7444332,7446182,7447513,7448704,7450087,7451612,7452412,7453623,7454436,7464466,7470492,7470492,7475124,7487890,7504437,7506644,7513744,7517097,7519148,7520085,7520904,7527842,7533287,7538748,7542044,7545336,7548560,7551826,7554234,7556208,7557046,7557642,7558094,7569501,7572097,7573235,7574418,7575445,7576815,7577644,7578654,7580342,7586015,7589679,7591172,7591969,7592796]
CommentSeriesIncreasing:[2506,2762,2933,4049,2420,3292,2392,1740,6028,3489,2664,1733,1014,1535,1850,1331,1191,1383,1525,800,1211,813,10030,6026,6026,4632,12766,16547,2207,7100,3353,2051,937,819,6938,5445,5461,3296,3292,3224,3266,2408,1974,838,596,452,11407,2596,1138,1183,1027,1370,829,1010,1688,5673,3664,1493,797,827]
Shares:[9533843,9534935,9535992,9537643,9538712,9539487,9540322,9540855,9542326,9543051,9544160,9544542,9544842,9545118,9545439,9545722,9546024,9546311,9546866,9547311,9547727,9548190,9549333,9550100,9550100,9551058,9552920,9554555,9554989,9556026,9556637,9557080,9557436,9557702,9560333,9561838,9562978,9563816,9564731,9565518,9566126,9566833,9567179,9567460,9567698,9567873,9569105,9569585,9569792,9569999,9570271,9570531,9570797,9570993,9571588,9573831,9575241,9575769,9576089,9576361]
SharesIncrease:[1310,1092,1057,1651,1069,775,835,533,1471,725,1109,382,300,276,321,283,302,287,555,445,416,463,1143,767,767,958,1862,1635,434,1037,611,443,356,266,2631,1505,1140,838,915,787,608,707,346,281,238,175,1232,480,207,207,272,260,266,196,595,2243,1410,528,320,272]
FansSeries:[43675781,43670801,43669849,43673234,43671327,43665106,43658533,43653411,43652183,43655508,43652911,43643950,43639083,43633584,43626474,43618592,43610599,43602467,43593943,43585398,43579069,43574946,43595859,43602454,43602454,43607138,43618298,43648149,43649696,43652324,43660704,43667550,43676039,43674770,43680217,43688605,43699963,43706535,43718426,43722504,43726647,43728981,43734561,43738043,43739041,43742526,43743700,43748491,43749614,43753957,43756519,43766095,43768780,43774991,43774935,43785805,43786464,43790627,43788803,43792941]
FansSeriesIncreasing:[-3174,-4980,-952,3385,-1907,-6221,-6573,-5122,-1228,3325,-2597,-8961,-4867,-5499,-7110,-7882,-7993,-8132,-8524,-8545,-6329,-4123,20913,6595,6595,4684,11160,29851,1547,2628,8380,6846,8489,-1269,5447,8388,11358,6572,11891,4078,4143,2334,5580,3482,998,3485,1174,4791,1123,4343,2562,9576,2685,6211,-56,10870,659,4163,-1824,4138]

Rank:2
Vname:陈三废gg 今晚9点直播
UID:chensanfeigg31
Briefing:陈婷mm（我姐）每天中午12点直播 我每天晚上9点直播 没有助理 私信你的都是骗子
AnchorIndex:1090.9
TotalFans:2315.9w
Works:953
TotalLikes:3.7亿
AverageLikes:9.5w
AverageComment:2342
AverageTransmit:606
TimeSeries:["07-16","07-17","07-18","07-19","07-20","07-21","07-22","07-23","07-24","07-25","07-26","07-27","07-28","07-29","07-30","07-31","08-01","08-02","08-03","08-04","08-05","08-06","08-07","08-08","08-09","08-10","08-11","08-12","08-13","08-14","08-15","08-16","08-17","08-18","08-19","08-20","08-21","08-22","08-23","08-24","08-25","08-26","08-27","08-28","08-29","08-30","08-31","09-01","09-02","09-03","09-04","09-05","09-06","09-07","09-08","09-09","09-10","09-11","09-12","09-13"]
LikesSeries:[334499481,335086490,335347691,336625737,336926679,337461084,338498681,340049465,340859954,341682689,341820301,342239846,342902692,343574834,344262171,344628699,344807606,345324382,345575192,345753530,346410989,347309909,347931363,348898318,348898318,351500465,352471632,353317017,354070450,354934361,356105890,356894673,357395506,357827715,358432990,359249310,360040046,360375060,361184203,352335644,354169401,356036739,356807001,358220268,360189651,361754000,362769879,363822360,364478065,365198509,365493709,366486450,367573932,368379464,369018305,369673259,370037697,370904966,371760274,372343960]
LikesSeriesIncreasing:[146746,587009,261201,1278046,300942,534405,1037597,1550784,810489,822735,137612,419545,662846,672142,687337,366528,178907,516776,250810,178338,657459,898920,621454,966955,966955,2602147,971167,845385,753433,863911,1171529,788783,500833,432209,605275,816320,790736,335014,809143,-8848559,1833757,1867338,770262,1413267,1969383,1564349,1015879,1052481,655705,720444,295200,992741,1087482,805532,638841,654954,364438,867269,855308,583686]
CommentSeries:[4266839,4292809,4307117,4334789,4349331,4360273,4383100,4404371,4417366,4430777,4440282,4447100,4462637,4477220,4484619,4488823,4510480,4522295,4534570,4542568,4557762,4583859,4605857,4627888,4627888,4696314,4716097,4734870,4752001,4767724,4800190,4813056,4823244,4828183,4840215,4856599,4877032,4908478,4942100,4951368,5003887,5038304,5047165,5066987,5092389,5115296,5132948,5173694,5195026,5227316,5240827,5260099,5280455,5297767,5312434,5327936,5340749,5384663,5402304,5417217]
CommentSeriesIncreasing:[7908,25970,14308,27672,14542,10942,22827,21271,12995,13411,9505,6818,15537,14583,7399,4204,21657,11815,12275,7998,15194,26097,21998,22031,22031,68426,19783,18773,17131,15723,32466,12866,10188,4939,12032,16384,20433,31446,33622,9268,52519,34417,8861,19822,25402,22907,17652,40746,21332,32290,13511,19272,20356,17312,14667,15502,12813,43914,17641,14913]
Shares:[3128191,3131559,3135947,3143684,3147016,3149765,3152292,3156356,3162547,3167181,3169690,3172765,3195426,3197975,3200600,3201841,3209582,3216687,3227971,3232076,3234382,3248242,3274625,3284617,3284617,3305080,3314718,3321070,3327270,3332945,3338872,3344581,3349318,3353108,3358156,3363679,3368004,3373621,3378824,3384216,3390839,3396342,3398923,3402938,3407579,3513374,3517319,3528142,3538516,3548016,3550373,3554018,3558334,3563698,3566659,3574080,3577917,3590579,3594731,3598307]
SharesIncrease:[2318,3368,4388,7737,3332,2749,2527,4064,6191,4634,2509,3075,22661,2549,2625,1241,7741,7105,11284,4105,2306,13860,26383,9992,9992,20463,9638,6352,6200,5675,5927,5709,4737,3790,5048,5523,4325,5617,5203,5392,6623,5503,2581,4015,4641,105795,3945,10823,10374,9500,2357,3645,4316,5364,2961,7421,3837,12662,4152,3576]
FansSeries:[20948084,21025081,21041177,21120837,21154441,21158051,21183003,21225365,21243533,21254907,21259830,21257560,21280040,21289951,21301478,21294252,21297893,21299517,21304009,21305801,21365188,21438516,21456497,21480451,21480451,21593669,21647024,21702754,21732848,21771145,21833110,21859062,21874531,21883033,21911425,21923947,21935879,21972981,22020051,22024050,22246089,22314261,22335395,22432761,22541905,22615622,22656455,22693353,22727986,22746568,22740091,22765503,22794408,22832778,22850581,22860041,22863808,23135420,23158344,23164121]
FansSeriesIncreasing:[4364,76853,15971,79506,33520,3494,24812,42192,18124,11312,4875,-2316,22412,9835,11433,-7285,3535,1530,4425,1677,59278,73148,17887,23866,23866,113013,53264,55576,30046,38157,61729,25894,15156,8147,28247,12410,11897,37079,47033,3963,221971,67954,21008,97246,109057,73649,40791,36880,34591,18549,-6506,25343,28848,38352,17781,9446,3762,271849,22566,5333]
 
Rank:599
Vname:胖甜
UID:SuperWe
Briefing:简介：身高一米五体重一百二的矮胖博主啦 肤质不稳定 现在更像是混干 化妆我可是专业的！毕竟花钱学了哈哈哈哈 在线收留想学化妆
AnchorIndex:791.1
TotalFans:12.8w
Works:110
TotalLikes:196.3w
AverageLikes:5941
AverageComment:359
AverageTransmit:186
TimeSeries:["07-16","07-17","07-18","07-19","07-20","07-21","07-22","07-23","07-24","07-25","07-26","07-27","07-28","07-29","07-30","07-31","08-01","08-02","08-03","08-04","08-05","08-06","08-07","08-08","08-09","08-10","08-11","08-12","08-13","08-14","08-15","08-16","08-17","08-18","08-19","08-20","08-21","08-22","08-23","08-24","08-25","08-26","08-27","08-28","08-29","08-30","08-31","09-01","09-02","09-03","09-04","09-05","09-06","09-07","09-08","09-09","09-10","09-11","09-12","09-13"]
LikesSeries:[1708215,1714369,1721331,1727960,1733290,1742534,1746734,1752459,1755222,1756873,1758506,1758838,1759342,1759277,1759019,1758831,1758519,1759511,1760057,1760040,1762142,1763640,1766842,1768466,1768466,1788706,1788706,1792808,1798332,1798832,1802094,1806590,1810361,1814395,1821768,1839744,1856491,1879026,1886513,1894984,1896581,1899174,1900802,1903048,1903212,1903756,1904332,1908245,1909705,1910292,1913850,1918566,1923262,1927655,1930570,1932910,1932910,1935963,1948741,1948741]
LikesSeriesIncreasing:[6415,6154,6962,6629,5330,9244,4200,5725,2763,1651,1633,332,504,-65,-258,-188,-312,992,546,-17,2102,1498,3202,1624,1624,20240,0,4102,5524,500,3262,4496,3771,4034,7373,17976,16747,22535,7487,8471,1597,2593,1628,2246,164,544,576,3913,1460,587,3558,4716,4696,4393,2915,2340,0,3053,12778,0]
CommentSeries:[146304,146527,146868,147223,147594,148562,148833,149054,149110,149189,149323,149370,149406,149423,149435,149435,149437,149440,149475,149476,149542,149769,149922,150177,150177,151290,151461,151848,151981,152013,152124,152353,152480,152634,152895,153005,153441,153777,154148,154686,154813,154966,155007,155137,155178,155207,155270,155519,155678,155685,156132,156226,156476,156598,156669,156792,156822,156987,157092,158814]
CommentSeriesIncreasing:[214,223,341,355,371,968,271,221,56,79,134,47,36,17,12,0,2,3,35,1,66,227,153,255,255,1113,171,387,133,32,111,229,127,154,261,110,436,336,371,538,127,153,41,130,41,29,63,249,159,7,447,94,250,122,71,123,30,165,105,1722]
Shares:[41559,41678,41809,41943,42080,42401,42494,42596,42621,42663,42682,42708,42724,42749,42765,42775,42782,42786,42806,42809,42821,42885,43048,43178,43178,43364,43408,43472,43515,43525,43559,43589,43615,43665,43751,43793,43876,43979,44068,44192,44225,44277,44288,44355,44369,44382,44404,44524,44584,44590,44985,45150,45429,45542,45623,45716,45757,45884,46024,46361]
SharesIncrease:[98,119,131,134,137,321,93,102,25,42,19,26,16,25,16,10,7,4,20,3,12,64,163,130,130,186,44,64,43,10,34,30,26,50,86,42,83,103,89,124,33,52,11,67,14,13,22,120,60,6,395,165,279,113,81,93,41,127,140,337]
FansSeries:[113192,113362,113616,113819,114068,114371,114595,114786,114732,114675,114568,114475,114363,114235,114143,114041,113919,113838,113559,113526,113516,113516,113631,113675,113675,114357,114357,114249,114457,114478,114453,114856,114867,115079,115327,115627,115796,116319,117063,117258,117354,117322,117442,117453,117399,117320,117328,117426,117538,117541,118226,118970,119121,120323,120597,120833,120833,121392,123590,123590]
FansSeriesIncreasing:[135,170,254,203,249,303,224,191,-54,-57,-107,-93,-112,-128,-92,-102,-122,-81,-279,-33,-10,0,115,44,44,682,0,-108,176,15,-25,403,12,212,248,300,169,523,744,195,96,-32,120,11,-54,-79,8,98,112,2,685,742,150,1202,273,236,0,556,2197,0]
 
Rank:594
Vname:山风岚岚
UID:xingzuojie
Briefing:简介：专注底妆测评的山风岚岚 围脖:山风岚岚_
AnchorIndex:792.4
TotalFans:38.1w
Works:378
TotalLikes:358.9w
AverageLikes:354
AverageComment:32
AverageTransmit:2
TimeSeries:["07-16","07-17","07-18","07-19","07-20","07-21","07-22","07-23","07-24","07-25","07-26","07-27","07-28","07-29","07-30","07-31","08-01","08-02","08-03","08-04","08-05","08-06","08-07","08-08","08-09","08-10","08-11","08-12","08-13","08-14","08-15","08-16","08-17","08-18","08-19","08-20","08-21","08-22","08-23","08-24","08-25","08-26","08-27","08-28","08-29","08-30","08-31","09-01","09-02","09-03","09-04","09-05","09-06","09-07","09-08","09-09","09-10","09-11","09-12","09-13"]
LikesSeries:[2980316,2992379,3001706,3010804,3045205,3052088,3058251,3065428,3079174,3093082,3104037,3115010,3124277,3133458,3141648,3149162,3158207,3167059,3176684,3182127,3189853,3194912,3216816,3235695,3235695,3258987,3281391,3286480,3299071,3302957,3316202,3321213,3331769,3359385,3377892,3394109,3407449,3423760,3432404,3435084,3454955,3468992,3476506,3487781,3494915,3511915,3518544,3527197,3530294,3532417,3538616,3546274,3551386,3554268,3564987,3568724,3570940,3572914,3581763,3586977]
LikesSeriesIncreasing:[19574,12063,9327,9098,34401,6883,6163,7177,13746,13908,10955,10973,9267,9181,8190,7514,9045,8852,9625,5443,7726,5059,21904,18879,18879,23292,22404,5089,12591,3886,13245,5011,10556,27616,18507,16217,13340,16311,8644,2680,19871,14037,7514,11275,7134,17000,6629,8653,3097,2123,6199,7658,5112,2882,10719,3737,2216,1974,8849,5214]
CommentSeries:[76155,76215,76320,76433,76497,76597,76657,76676,76712,76738,76792,76834,76877,76910,76942,76989,77007,77091,77120,77127,77155,77246,77268,77316,77316,77371,77457,77555,77693,77786,77863,77895,77953,77999,78060,78081,78800,80043,80135,80163,80261,80347,80378,80391,80452,80483,80522,80567,80615,80652,80717,80777,80821,80886,80975,81017,81079,81117,81152,81230]
CommentSeriesIncreasing:[100,60,105,113,64,100,60,19,36,26,54,42,43,33,32,47,18,84,29,7,28,91,22,48,48,55,86,98,138,93,77,32,58,46,61,21,719,1243,92,28,98,86,31,13,61,31,39,45,48,37,65,60,44,65,89,42,62,38,35,78]
Shares:[19436,19445,19454,19466,19468,19475,19480,19484,19489,19489,19491,19494,19496,19498,19502,19506,19507,19514,19517,19521,19524,19529,19537,19543,19543,19545,19555,19567,19599,19645,19704,19718,19747,19761,19791,19805,19814,19855,19863,19873,19899,19909,19913,19916,19919,19926,19928,19937,19940,19949,19957,19963,19965,19970,19983,19985,19990,19997,19998,20003]
SharesIncrease:[25,9,9,12,2,7,5,4,5,0,2,3,2,2,4,4,1,7,3,4,3,5,8,6,6,2,10,12,32,46,59,14,29,14,30,14,9,41,8,10,26,10,4,3,3,7,2,9,3,9,8,6,2,5,13,2,5,7,1,5]
FansSeries:[325374,326521,327378,328306,329834,330711,331276,332019,333116,334388,335863,337217,338304,339454,340498,341309,342678,344354,345764,346715,347915,348547,349066,349804,349804,351122,352955,353538,354272,354470,352259,356260,357306,357948,358735,359717,360595,362504,363441,363712,365664,367177,368211,369690,370614,371780,372550,373427,373735,374050,374917,375896,376754,377102,377599,378057,378294,378514,379550,380279]
FansSeriesIncreasing:[1398,1150,860,929,1530,876,566,738,1097,1270,1477,1355,1089,1152,1046,810,1370,1677,1410,952,1202,633,523,741,741,1317,1832,583,733,199,1284,502,1044,640,791,982,878,1912,937,272,1952,1512,1033,1476,925,1167,770,879,308,315,866,982,858,348,498,457,236,219,1038,730]
